ctds/examples/sbe37sm-example-data.cnv
* Sea-Bird SBE37SM-RS232  Data File:
* Software version SeatermV2 2.6.3.104
* Temperature SN = 7247
* Conductivity SN = 7247
* System UpLoad Time = Sep 19 2018 13:06:47
* sample interval = 30 seconds
* <ApplicationData>
* <Seaterm232>
# nquan = 8
# nvalues = 57360                                 
# units = specified
# name 0 = timeS: Time, Elapsed [seconds]
# name 1 = cond0S/m: Conductivity [S/m]
# name 2 = sal00: Salinity, Practical [PSU], moored pressure = 0.00000e+000 [dbar]
# name 3 = tv268C: Temperature [IPTS-68, deg C]
# name 4 = potemp068C: Potential Temperature [IPTS-68, deg C]
# name 5 = prE: Pressure [psi]
# name 6 = density00: Density [density, kg/m^3], moored pressure = 0.00000e+000 [dbar]
# name 7 = flag:  0.000e+00
# span 0 =      0.000, 1720770.00                 
# span 1 =   0.000028,   3.240067                 
# span 2 =     0.0104,    22.0769                 
# span 3 =    -1.0483,    23.1874                 
# span 4 =    -1.0483,    23.1874                 
# span 5 =      0.000,      0.000                 
# span 6 =   998.0053,  1017.6904                 
# span 7 = 0.0000e+00, 0.0000e+00                 
# interval = seconds: 30
# start_time = Aug 30 2018 14:56:08 [Instrument's time stamp, first data scan]
# bad_flag = -9.990e-29
*END*
[from data line 180]
   5400.000   2.917106    20.9813    18.3626    18.3626      0.000  1014.4889  0.000e+00
   5430.000   2.917142    20.9812    18.3633    18.3633      0.000  1014.4887  0.000e+00
   5460.000   2.917239    20.9821    18.3632    18.3632      0.000  1014.4894  0.000e+00
   5490.000   2.917389    20.9831    18.3635    18.3635      0.000  1014.4901  0.000e+00
   5520.000   2.917401    20.9832    18.3634    18.3634      0.000  1014.4902  0.000e+00
   5550.000   2.917491    20.9837    18.3639    18.3639      0.000  1014.4905  0.000e+00
   5580.000   2.917527    20.9841    18.3636    18.3636      0.000  1014.4909  0.000e+00
   5610.000   2.917702    20.9854    18.3639    18.3639      0.000  1014.4917  0.000e+00
   5640.000   2.917732    20.9857    18.3637    18.3637      0.000  1014.4920  0.000e+00
   5670.000   2.917768    20.9856    18.3644    18.3644      0.000  1014.4918  0.000e+00
   5700.000   2.917894    20.9868    18.3642    18.3642      0.000  1014.4927  0.000e+00
   5730.000   2.917978    20.9872    18.3645    18.3645      0.000  1014.4930  0.000e+00
   5760.000   2.918050    20.9877    18.3648    18.3648      0.000  1014.4933  0.000e+00
   5790.000   2.918105    20.9878    18.3655    18.3655      0.000  1014.4932  0.000e+00
   5820.000   2.918147    20.9884    18.3649    18.3649      0.000  1014.4938  0.000e+00
   5850.000   2.918177    20.9886    18.3650    18.3650      0.000  1014.4939  0.000e+00
   5880.000   2.918279    20.9891    18.3656    18.3656      0.000  1014.4941  0.000e+00
   5910.000   2.918351    20.9897    18.3655    18.3655      0.000  1014.4947  0.000e+00
   5940.000   2.918393    20.9898    18.3660    18.3660      0.000  1014.4946  0.000e+00
   5970.000   2.918471    20.9908    18.3653    18.3653      0.000  1014.4955  0.000e+00
   6000.000   2.918544    20.9909    18.3661    18.3661      0.000  1014.4955  0.000e+00
   6030.000   2.918622    20.9916    18.3661    18.3661      0.000  1014.4959  0.000e+00
   6060.000   2.918736    20.9924    18.3662    18.3662      0.000  1014.4966  0.000e+00
   6090.000   2.918748    20.9925    18.3662    18.3662      0.000  1014.4966  0.000e+00
   6120.000   2.918826    20.9928    18.3669    18.3669      0.000  1014.4967  0.000e+00
   6150.000   2.918910    20.9936    18.3666    18.3666      0.000  1014.4974  0.000e+00
   6180.000   2.918965    20.9936    18.3674    18.3674      0.000  1014.4972  0.000e+00
   6210.000   2.919037    20.9940    18.3677    18.3677      0.000  1014.4975  0.000e+00
   6240.000   2.919133    20.9949    18.3674    18.3674      0.000  1014.4982  0.000e+00
   6270.000   2.919181    20.9954    18.3673    18.3673      0.000  1014.4986  0.000e+00
   6300.000   2.919235    20.9958    18.3673    18.3673      0.000  1014.4989  0.000e+00
   6330.000   2.919283    20.9957    18.3682    18.3682      0.000  1014.4986  0.000e+00
   6360.000   2.919313    20.9961    18.3680    18.3680      0.000  1014.4989  0.000e+00
   6390.000   2.919410    20.9966    18.3685    18.3685      0.000  1014.4992  0.000e+00
   6420.000   2.919452    20.9969    18.3686    18.3686      0.000  1014.4994  0.000e+00
   6450.000   2.919470    20.9967    18.3692    18.3692      0.000  1014.4991  0.000e+00
   6480.000   2.919548    20.9976    18.3687    18.3687      0.000  1014.4999  0.000e+00
   6510.000   2.919578    20.9978    18.3687    18.3687      0.000  1014.5001  0.000e+00
   6540.000   2.919644    20.9981    18.3692    18.3692      0.000  1014.5002  0.000e+00
   6570.000   2.919759    20.9990    18.3692    18.3692      0.000  1014.5009  0.000e+00
   6600.000   2.919837    20.9994    18.3697    18.3697      0.000  1014.5011  0.000e+00
   6630.000   2.919885    21.0000    18.3692    18.3692      0.000  1014.5016  0.000e+00
   6660.000   2.919975    21.0003    18.3699    18.3699      0.000  1014.5017  0.000e+00
   6690.000   2.920011    21.0003    18.3705    18.3705      0.000  1014.5016  0.000e+00
   6720.000   2.920065    21.0007    18.3706    18.3706      0.000  1014.5019  0.000e+00
   6750.000   2.920180    21.0017    18.3704    18.3704      0.000  1014.5027  0.000e+00
   6780.000   2.920222    21.0019    18.3706    18.3706      0.000  1014.5028  0.000e+00
   6810.000   2.920294    21.0024    18.3708    18.3708      0.000  1014.5031  0.000e+00
   6840.000   2.920360    21.0026    18.3714    18.3714      0.000  1014.5031  0.000e+00
   6870.000   2.920408    21.0032    18.3710    18.3710      0.000  1014.5037  0.000e+00
   6900.000   2.920444    21.0032    18.3716    18.3716      0.000  1014.5035  0.000e+00
   6930.000   2.920498    21.0035    18.3719    18.3719      0.000  1014.5037  0.000e+00
   6960.000   2.920547    21.0040    18.3716    18.3716      0.000  1014.5042  0.000e+00
   6990.000   2.920589    21.0042    18.3719    18.3719      0.000  1014.5042  0.000e+00
   7020.000   2.920667    21.0045    18.3725    18.3725      0.000  1014.5043  0.000e+00
   7050.000   2.920703    21.0048    18.3724    18.3724      0.000  1014.5046  0.000e+00
   7080.000   2.920751    21.0050    18.3728    18.3728      0.000  1014.5047  0.000e+00
   7110.000   2.920841    21.0056    18.3730    18.3730      0.000  1014.5051  0.000e+00
   7140.000   2.920926    21.0062    18.3732    18.3732      0.000  1014.5054  0.000e+00
   7170.000   2.920968    21.0066    18.3731    18.3731      0.000  1014.5058  0.000e+00
   7200.000   2.921028    21.0066    18.3741    18.3741      0.000  1014.5055  0.000e+00
   7230.000   2.921142    21.0076    18.3738    18.3738      0.000  1014.5064  0.000e+00
   7260.000   2.921214    21.0081    18.3739    18.3739      0.000  1014.5068  0.000e+00
   7290.000   2.921250    21.0085    18.3737    18.3737      0.000  1014.5071  0.000e+00
   7320.000   2.921274    21.0082    18.3746    18.3746      0.000  1014.5067  0.000e+00
   7350.000   2.921311    21.0086    18.3745    18.3745      0.000  1014.5070  0.000e+00
   7380.000   2.921383    21.0089    18.3749    18.3749      0.000  1014.5072  0.000e+00
   7410.000   2.921401    21.0091    18.3748    18.3748      0.000  1014.5073  0.000e+00
   7440.000   2.921449    21.0094    18.3751    18.3751      0.000  1014.5075  0.000e+00
   7470.000   2.921503    21.0096    18.3754    18.3754      0.000  1014.5076  0.000e+00
   7500.000   2.921557    21.0097    18.3761    18.3761      0.000  1014.5075  0.000e+00
   7530.000   2.921623    21.0103    18.3760    18.3760      0.000  1014.5079  0.000e+00
   7560.000   2.921654    21.0105    18.3760    18.3760      0.000  1014.5081  0.000e+00
   7590.000   2.921702    21.0106    18.3766    18.3766      0.000  1014.5080  0.000e+00
   7620.000   2.921744    21.0114    18.3757    18.3757      0.000  1014.5088  0.000e+00
   7650.000   2.921798    21.0113    18.3767    18.3767      0.000  1014.5085  0.000e+00
   7680.000   2.921876    21.0118    18.3769    18.3769      0.000  1014.5089  0.000e+00
   7710.000   2.921906    21.0118    18.3775    18.3775      0.000  1014.5087  0.000e+00
   7740.000   2.921996    21.0124    18.3777    18.3777      0.000  1014.5091  0.000e+00
   7770.000   2.922027    21.0125    18.3779    18.3779      0.000  1014.5092  0.000e+00
   7800.000   2.922093    21.0128    18.3783    18.3783      0.000  1014.5094  0.000e+00
   7830.000   2.922117    21.0129    18.3785    18.3785      0.000  1014.5093  0.000e+00
   7860.000   2.922219    21.0137    18.3785    18.3785      0.000  1014.5100  0.000e+00
   7890.000   2.922255    21.0141    18.3783    18.3783      0.000  1014.5103  0.000e+00
   7920.000   2.922321    21.0141    18.3793    18.3793      0.000  1014.5101  0.000e+00
   7950.000   2.922412    21.0151    18.3787    18.3787      0.000  1014.5110  0.000e+00
   7980.000   2.922448    21.0149    18.3797    18.3797      0.000  1014.5106  0.000e+00
   8010.000   2.922478    21.0156    18.3789    18.3789      0.000  1014.5113  0.000e+00
   8040.000   2.922514    21.0154    18.3797    18.3797      0.000  1014.5110  0.000e+00
   8070.000   2.922568    21.0155    18.3805    18.3805      0.000  1014.5109  0.000e+00
   8100.000   2.922604    21.0155    18.3809    18.3809      0.000  1014.5108  0.000e+00
   8130.000   2.922652    21.0159    18.3809    18.3809      0.000  1014.5111  0.000e+00
   8160.000   2.922688    21.0161    18.3811    18.3811      0.000  1014.5112  0.000e+00
   8190.000   2.922761    21.0166    18.3813    18.3813      0.000  1014.5115  0.000e+00
   8220.000   2.922845    21.0172    18.3814    18.3814      0.000  1014.5120  0.000e+00
   8250.000   2.922917    21.0175    18.3818    18.3818      0.000  1014.5121  0.000e+00
   8280.000   2.922983    21.0179    18.3821    18.3821      0.000  1014.5124  0.000e+00
   8310.000   2.923019    21.0181    18.3823    18.3823      0.000  1014.5125  0.000e+00
   8340.000   2.923080    21.0184    18.3828    18.3828      0.000  1014.5126  0.000e+00
   8370.000   2.923134    21.0188    18.3828    18.3828      0.000  1014.5129  0.000e+00
   8400.000   2.923152    21.0189    18.3829    18.3829      0.000  1014.5129  0.000e+00
   8430.000   2.923212    21.0190    18.3835    18.3835      0.000  1014.5129  0.000e+00
   8460.000   2.923224    21.0188    18.3842    18.3842      0.000  1014.5125  0.000e+00
   8490.000   2.923266    21.0194    18.3837    18.3837      0.000  1014.5131  0.000e+00
   8520.000   2.923356    21.0196    18.3847    18.3847      0.000  1014.5130  0.000e+00
   8550.000   2.923392    21.0201    18.3842    18.3842      0.000  1014.5135  0.000e+00
   8580.000   2.923435    21.0202    18.3848    18.3848      0.000  1014.5135  0.000e+00
   8610.000   2.923477    21.0203    18.3852    18.3852      0.000  1014.5134  0.000e+00
   8640.000   2.923531    21.0206    18.3854    18.3854      0.000  1014.5136  0.000e+00
   8670.000   2.923579    21.0210    18.3854    18.3854      0.000  1014.5139  0.000e+00
   8700.000   2.923639    21.0212    18.3860    18.3860      0.000  1014.5140  0.000e+00
   8730.000   2.923681    21.0215    18.3860    18.3860      0.000  1014.5142  0.000e+00
   8760.000   2.923742    21.0218    18.3863    18.3863      0.000  1014.5143  0.000e+00
   8790.000   2.923796    21.0219    18.3870    18.3870      0.000  1014.5143  0.000e+00
   8820.000   2.923820    21.0221    18.3869    18.3869      0.000  1014.5145  0.000e+00
   8850.000   2.923844    21.0219    18.3877    18.3877      0.000  1014.5141  0.000e+00
   8880.000   2.923922    21.0226    18.3876    18.3876      0.000  1014.5146  0.000e+00
   8910.000   2.923958    21.0228    18.3878    18.3878      0.000  1014.5148  0.000e+00
   8940.000   2.924000    21.0230    18.3879    18.3879      0.000  1014.5150  0.000e+00
   8970.000   2.924048    21.0231    18.3885    18.3885      0.000  1014.5148  0.000e+00
   9000.000   2.924073    21.0231    18.3889    18.3889      0.000  1014.5148  0.000e+00
   9030.000   2.924139    21.0237    18.3888    18.3888      0.000  1014.5152  0.000e+00
   9060.000   2.924187    21.0238    18.3894    18.3894      0.000  1014.5152  0.000e+00
   9090.000   2.924223    21.0240    18.3895    18.3895      0.000  1014.5153  0.000e+00
   9120.000   2.924241    21.0239    18.3899    18.3899      0.000  1014.5152  0.000e+00
   9150.000   2.924277    21.0239    18.3906    18.3906      0.000  1014.5150  0.000e+00
   9180.000   2.924343    21.0243    18.3908    18.3908      0.000  1014.5152  0.000e+00
   9210.000   2.924361    21.0246    18.3905    18.3905      0.000  1014.5155  0.000e+00
   9240.000   2.924379    21.0244    18.3912    18.3912      0.000  1014.5152  0.000e+00
   9270.000   2.924446    21.0247    18.3917    18.3917      0.000  1014.5153  0.000e+00
   9300.000   2.924470    21.0249    18.3916    18.3916      0.000  1014.5155  0.000e+00
   9330.000   2.924542    21.0253    18.3918    18.3918      0.000  1014.5158  0.000e+00
   9360.000   2.924548    21.0251    18.3923    18.3923      0.000  1014.5155  0.000e+00
   9390.000   2.924632    21.0257    18.3925    18.3925      0.000  1014.5159  0.000e+00
   9420.000   2.924650    21.0257    18.3928    18.3928      0.000  1014.5159  0.000e+00
   9450.000   2.924717    21.0260    18.3932    18.3932      0.000  1014.5160  0.000e+00
   9480.000   2.924765    21.0264    18.3931    18.3931      0.000  1014.5163  0.000e+00
   9510.000   2.924783    21.0264    18.3936    18.3936      0.000  1014.5162  0.000e+00
   9540.000   2.924849    21.0267    18.3939    18.3939      0.000  1014.5163  0.000e+00
   9570.000   2.924861    21.0266    18.3942    18.3942      0.000  1014.5163  0.000e+00
   9600.000   2.924927    21.0270    18.3945    18.3945      0.000  1014.5165  0.000e+00
   9630.000   2.924969    21.0272    18.3948    18.3948      0.000  1014.5166  0.000e+00
   9660.000   2.925017    21.0276    18.3949    18.3949      0.000  1014.5168  0.000e+00
   9690.000   2.925030    21.0273    18.3956    18.3956      0.000  1014.5164  0.000e+00
   9720.000   2.925066    21.0275    18.3957    18.3957      0.000  1014.5166  0.000e+00
   9750.000   2.925108    21.0278    18.3959    18.3959      0.000  1014.5167  0.000e+00
   9780.000   2.925156    21.0279    18.3963    18.3963      0.000  1014.5167  0.000e+00
   9810.000   2.925198    21.0278    18.3972    18.3972      0.000  1014.5165  0.000e+00
   9840.000   2.925216    21.0280    18.3971    18.3971      0.000  1014.5166  0.000e+00
   9870.000   2.925252    21.0283    18.3971    18.3971      0.000  1014.5169  0.000e+00
   9900.000   2.925288    21.0283    18.3975    18.3975      0.000  1014.5168  0.000e+00
   9930.000   2.925330    21.0285    18.3978    18.3978      0.000  1014.5169  0.000e+00
   9960.000   2.925373    21.0287    18.3981    18.3981      0.000  1014.5170  0.000e+00
   9990.000   2.925409    21.0286    18.3989    18.3989      0.000  1014.5167  0.000e+00
  10020.000   2.925451    21.0290    18.3987    18.3987      0.000  1014.5170  0.000e+00
  10050.000   2.925481    21.0290    18.3992    18.3992      0.000  1014.5169  0.000e+00
  10080.000   2.925535    21.0292    18.3996    18.3996      0.000  1014.5170  0.000e+00
  10110.000   2.925565    21.0296    18.3994    18.3994      0.000  1014.5173  0.000e+00
  10140.000   2.925595    21.0295    18.4001    18.4001      0.000  1014.5171  0.000e+00
  10170.000   2.925668    21.0298    18.4005    18.4005      0.000  1014.5172  0.000e+00
  10200.000   2.925680    21.0300    18.4005    18.4005      0.000  1014.5174  0.000e+00
  10230.000   2.925704    21.0300    18.4008    18.4008      0.000  1014.5173  0.000e+00
  10260.000   2.925752    21.0300    18.4015    18.4015      0.000  1014.5172  0.000e+00
  10290.000   2.925776    21.0301    18.4016    18.4016      0.000  1014.5172  0.000e+00
  10320.000   2.925812    21.0303    18.4019    18.4019      0.000  1014.5172  0.000e+00
  10350.000   2.925848    21.0304    18.4023    18.4023      0.000  1014.5172  0.000e+00
  10380.000   2.925884    21.0304    18.4027    18.4027      0.000  1014.5172  0.000e+00
  10410.000   2.925926    21.0307    18.4028    18.4028      0.000  1014.5174  0.000e+00
  10440.000   2.925956    21.0307    18.4034    18.4034      0.000  1014.5172  0.000e+00
  10470.000   2.925981    21.0311    18.4028    18.4028      0.000  1014.5177  0.000e+00
  10500.000   2.926017    21.0310    18.4037    18.4037      0.000  1014.5174  0.000e+00
  10530.000   2.926047    21.0312    18.4038    18.4038      0.000  1014.5175  0.000e+00
  10560.000   2.926083    21.0311    18.4045    18.4045      0.000  1014.5173  0.000e+00
  10590.000   2.926107    21.0312    18.4046    18.4046      0.000  1014.5174  0.000e+00
  10620.000   2.926143    21.0314    18.4049    18.4049      0.000  1014.5174  0.000e+00
  10650.000   2.926167    21.0312    18.4055    18.4055      0.000  1014.5172  0.000e+00
  10680.000   2.926191    21.0312    18.4060    18.4060      0.000  1014.5170  0.000e+00
  10710.000   2.926209    21.0314    18.4058    18.4058      0.000  1014.5173  0.000e+00
  10740.000   2.926239    21.0315    18.4061    18.4061      0.000  1014.5172  0.000e+00
