ctds/examples/sbe37sm-example-data.cnv
* Sea-Bird SBE37SM-RS232  Data File:
* Software version SeatermV2 2.6.3.104
* Temperature SN = 7247
* Conductivity SN = 7247
* System UpLoad Time = Sep 19 2018 13:06:47
* sample interval = 30 seconds
* <ApplicationData>
* <Seaterm232>
# nquan = 8
# nvalues = 57360                                 
# units = specified
# name 0 = timeS: Time, Elapsed [seconds]
# name 1 = cond0S/m: Conductivity [S/m]
# name 2 = sal00: Salinity, Practical [PSU], moored pressure = 0.00000e+000 [dbar]
# name 3 = tv268C: Temperature [IPTS-68, deg C]
# name 4 = potemp068C: Potential Temperature [IPTS-68, deg C]
# name 5 = prE: Pressure [psi]
# name 6 = density00: Density [density, kg/m^3], moored pressure = 0.00000e+000 [dbar]
# name 7 = flag:  0.000e+00
# span 0 =      0.000, 1720770.00                 
# span 1 =   0.000028,   3.240067                 
# span 2 =     0.0104,    22.0769                 
# span 3 =    -1.0483,    23.1874                 
# span 4 =    -1.0483,    23.1874                 
# span 5 =      0.000,      0.000                 
# span 6 =   998.0053,  1017.6904                 
# span 7 = 0.0000e+00, 0.0000e+00                 
# interval = seconds: 30
# start_time = Aug 30 2018 14:56:08 [Instrument's time stamp, first data scan]
# bad_flag = -9.990e-29
*END*
[from data line 360]
  10800.000   2.926318    21.0320    18.4063    18.4063      0.000  1014.5176  0.000e+00
  10830.000   2.926342    21.0320    18.4068    18.4068      0.000  1014.5175  0.000e+00
  10860.000   2.926372    21.0317    18.4077    18.4077      0.000  1014.5171  0.000e+00
  10890.000   2.926426    21.0319    18.4083    18.4083      0.000  1014.5171  0.000e+00
  10920.000   2.926426    21.0319    18.4083    18.4083      0.000  1014.5171  0.000e+00
  10950.000   2.926474    21.0321    18.4086    18.4086      0.000  1014.5171  0.000e+00
  10980.000   2.926498    21.0323    18.4085    18.4085      0.000  1014.5173  0.000e+00
  11010.000   2.926540    21.0323    18.4093    18.4093      0.000  1014.5171  0.000e+00
  11040.000   2.926546    21.0326    18.4087    18.4087      0.000  1014.5175  0.000e+00
  11070.000   2.926595    21.0325    18.4097    18.4097      0.000  1014.5172  0.000e+00
  11100.000   2.926643    21.0329    18.4096    18.4096      0.000  1014.5175  0.000e+00
  11130.000   2.926661    21.0327    18.4103    18.4103      0.000  1014.5172  0.000e+00
  11160.000   2.926661    21.0323    18.4111    18.4111      0.000  1014.5167  0.000e+00
  11190.000   2.926703    21.0327    18.4110    18.4110      0.000  1014.5170  0.000e+00
  11220.000   2.926733    21.0326    18.4116    18.4116      0.000  1014.5169  0.000e+00
  11250.000   2.926757    21.0326    18.4120    18.4120      0.000  1014.5167  0.000e+00
  11280.000   2.926793    21.0329    18.4119    18.4119      0.000  1014.5170  0.000e+00
  11310.000   2.926805    21.0327    18.4125    18.4125      0.000  1014.5168  0.000e+00
  11340.000   2.926865    21.0331    18.4127    18.4127      0.000  1014.5170  0.000e+00
  11370.000   2.926878    21.0330    18.4130    18.4130      0.000  1014.5169  0.000e+00
  11400.000   2.926890    21.0329    18.4135    18.4135      0.000  1014.5166  0.000e+00
  11430.000   2.926974    21.0334    18.4138    18.4138      0.000  1014.5170  0.000e+00
  11460.000   2.926962    21.0331    18.4141    18.4141      0.000  1014.5167  0.000e+00
  11490.000   2.926986    21.0334    18.4140    18.4140      0.000  1014.5169  0.000e+00
  11520.000   2.927016    21.0333    18.4146    18.4146      0.000  1014.5167  0.000e+00
  11550.000   2.927052    21.0335    18.4148    18.4148      0.000  1014.5168  0.000e+00
  11580.000   2.927076    21.0336    18.4149    18.4149      0.000  1014.5169  0.000e+00
  11610.000   2.927088    21.0334    18.4156    18.4156      0.000  1014.5165  0.000e+00
  11640.000   2.927112    21.0334    18.4160    18.4160      0.000  1014.5165  0.000e+00
  11670.000   2.927136    21.0335    18.4162    18.4162      0.000  1014.5164  0.000e+00
  11700.000   2.927167    21.0335    18.4167    18.4167      0.000  1014.5163  0.000e+00
  11730.000   2.927185    21.0335    18.4169    18.4169      0.000  1014.5163  0.000e+00
  11760.000   2.927233    21.0338    18.4171    18.4171      0.000  1014.5165  0.000e+00
  11790.000   2.927245    21.0335    18.4178    18.4178      0.000  1014.5161  0.000e+00
  11820.000   2.927275    21.0337    18.4179    18.4179      0.000  1014.5163  0.000e+00
  11850.000   2.927281    21.0336    18.4182    18.4182      0.000  1014.5161  0.000e+00
  11880.000   2.927329    21.0337    18.4187    18.4187      0.000  1014.5161  0.000e+00
  11910.000   2.927341    21.0338    18.4187    18.4187      0.000  1014.5161  0.000e+00
  11940.000   2.927347    21.0337    18.4191    18.4191      0.000  1014.5160  0.000e+00
  11970.000   2.927389    21.0339    18.4194    18.4194      0.000  1014.5160  0.000e+00
  12000.000   2.927401    21.0336    18.4200    18.4200      0.000  1014.5157  0.000e+00
  12030.000   2.927443    21.0339    18.4202    18.4202      0.000  1014.5159  0.000e+00
  12060.000   2.927468    21.0340    18.4203    18.4203      0.000  1014.5160  0.000e+00
  12090.000   2.927480    21.0336    18.4212    18.4212      0.000  1014.5155  0.000e+00
  12120.000   2.927492    21.0336    18.4216    18.4216      0.000  1014.5153  0.000e+00
  12150.000   2.927534    21.0338    18.4218    18.4218      0.000  1014.5154  0.000e+00
  12180.000   2.927558    21.0339    18.4218    18.4218      0.000  1014.5155  0.000e+00
  12210.000   2.927576    21.0341    18.4218    18.4218      0.000  1014.5156  0.000e+00
  12240.000   2.927600    21.0338    18.4227    18.4227      0.000  1014.5152  0.000e+00
  12270.000   2.927612    21.0340    18.4225    18.4225      0.000  1014.5155  0.000e+00
  12300.000   2.927648    21.0340    18.4231    18.4231      0.000  1014.5153  0.000e+00
  12330.000   2.927660    21.0337    18.4239    18.4239      0.000  1014.5149  0.000e+00
  12360.000   2.927696    21.0338    18.4243    18.4243      0.000  1014.5148  0.000e+00
  12390.000   2.927720    21.0340    18.4243    18.4243      0.000  1014.5150  0.000e+00
  12420.000   2.927750    21.0339    18.4249    18.4249      0.000  1014.5148  0.000e+00
  12450.000   2.927775    21.0341    18.4249    18.4249      0.000  1014.5150  0.000e+00
  12480.000   2.927793    21.0337    18.4260    18.4260      0.000  1014.5144  0.000e+00
  12510.000   2.927805    21.0339    18.4257    18.4257      0.000  1014.5147  0.000e+00
  12540.000   2.927829    21.0338    18.4263    18.4263      0.000  1014.5144  0.000e+00
  12570.000   2.927859    21.0341    18.4262    18.4262      0.000  1014.5146  0.000e+00
