ctds/examples/sbe37sm-example-data.cnv
* Sea-Bird SBE37SM-RS232  Data File:
* Software version SeatermV2 2.6.3.104
* Temperature SN = 7247
* Conductivity SN = 7247
* System UpLoad Time = Sep 19 2018 13:06:47
* sample interval = 30 seconds
* <ApplicationData>
* <Seaterm232>
# nquan = 8
# nvalues = 57360                                 
# units = specified
# name 0 = timeS: Time, Elapsed [seconds]
# name 1 = cond0S/m: Conductivity [S/m]
# name 2 = sal00: Salinity, Practical [PSU], moored pressure = 0.00000e+000 [dbar]
# name 3 = tv268C: Temperature [IPTS-68, deg C]
# name 4 = potemp068C: Potential Temperature [IPTS-68, deg C]
# name 5 = prE: Pressure [psi]
# name 6 = density00: Density [density, kg/m^3], moored pressure = 0.00000e+000 [dbar]
# name 7 = flag:  0.000e+00
# span 0 =      0.000, 1720770.00                 
# span 1 =   0.000028,   3.240067                 
# span 2 =     0.0104,    22.0769                 
# span 3 =    -1.0483,    23.1874                 
# span 4 =    -1.0483,    23.1874                 
# span 5 =      0.000,      0.000                 
# span 6 =   998.0053,  1017.6904                 
# span 7 = 0.0000e+00, 0.0000e+00                 
# interval = seconds: 30
# start_time = Aug 30 2018 14:56:08 [Instrument's time stamp, first data scan]
# bad_flag = -9.990e-29
*END*
      0.000   0.000034     0.0104    20.9649    20.9649      0.000   998.0104  0.000e+00
     30.000   0.000031     0.0104    20.9881    20.9881      0.000   998.0053  0.000e+00
     60.000   0.000028     0.0104    20.9167    20.9167      0.000   998.0208  0.000e+00
     90.000   2.765204    19.7754    18.3785    18.3785      0.000  1013.5682  0.000e+00
    120.000   2.745219    19.6189    18.3774    18.3774      0.000  1013.4495  0.000e+00
    150.000   2.738038    19.5626    18.3773    18.3773      0.000  1013.4067  0.000e+00
    180.000   2.727645    19.4809    18.3775    18.3775      0.000  1013.3445  0.000e+00
    210.000   2.732432    19.5183    18.3778    18.3778      0.000  1013.3729  0.000e+00
    240.000   2.729428    19.4948    18.3777    18.3777      0.000  1013.3550  0.000e+00
    270.000   2.729281    19.4937    18.3775    18.3775      0.000  1013.3542  0.000e+00
    300.000   2.726788    19.4741    18.3775    18.3775      0.000  1013.3394  0.000e+00
    330.000   2.726759    19.4737    18.3781    18.3781      0.000  1013.3389  0.000e+00
    360.000   2.731692    19.5122    18.3784    18.3784      0.000  1013.3682  0.000e+00
    390.000   2.732115    19.5155    18.3785    18.3785      0.000  1013.3706  0.000e+00
    420.000   2.730660    19.5039    18.3788    18.3788      0.000  1013.3617  0.000e+00
    450.000   2.725592    19.4643    18.3785    18.3785      0.000  1013.3317  0.000e+00
    480.000   2.726501    19.4716    18.3781    18.3781      0.000  1013.3373  0.000e+00
    510.000   2.730290    19.5014    18.3780    18.3780      0.000  1013.3600  0.000e+00
    540.000   2.730319    19.5014    18.3785    18.3785      0.000  1013.3599  0.000e+00
    570.000   2.722966    19.4438    18.3783    18.3783      0.000  1013.3162  0.000e+00
    600.000   2.731147    19.5077    18.3789    18.3789      0.000  1013.3646  0.000e+00
    630.000   2.728325    19.4856    18.3787    18.3787      0.000  1013.3479  0.000e+00
    660.000   2.725997    19.4673    18.3789    18.3789      0.000  1013.3339  0.000e+00
    690.000   2.732502    19.5181    18.3795    18.3795      0.000  1013.3723  0.000e+00
    720.000   2.729175    19.4920    18.3794    18.3794      0.000  1013.3526  0.000e+00
    750.000   2.726841    19.4734    18.3799    18.3799      0.000  1013.3383  0.000e+00
    780.000   2.733066    19.5224    18.3796    18.3796      0.000  1013.3756  0.000e+00
    810.000   2.731845    19.5126    18.3801    18.3801      0.000  1013.3681  0.000e+00
    840.000   2.729791    19.4962    18.3807    18.3807      0.000  1013.3555  0.000e+00
    870.000   2.726788    19.4725    18.3810    18.3810      0.000  1013.3374  0.000e+00
    900.000   2.729527    19.4941    18.3807    18.3807      0.000  1013.3539  0.000e+00
    930.000   2.729017    19.4883    18.3845    18.3845      0.000  1013.3486  0.000e+00
    960.000   2.728155    19.4824    18.3827    18.3827      0.000  1013.3445  0.000e+00
    990.000   2.729551    19.4933    18.3829    18.3829      0.000  1013.3527  0.000e+00
   1020.000   2.726178    19.4664    18.3839    18.3839      0.000  1013.3321  0.000e+00
   1050.000   2.727914    19.4799    18.3841    18.3841      0.000  1013.3423  0.000e+00
   1080.000   2.731311    19.5063    18.3845    18.3845      0.000  1013.3623  0.000e+00
   1110.000   2.731059    19.5041    18.3850    18.3850      0.000  1013.3605  0.000e+00
   1140.000   2.731329    19.5063    18.3849    18.3849      0.000  1013.3622  0.000e+00
   1170.000   2.728219    19.4819    18.3849    18.3849      0.000  1013.3436  0.000e+00
   1200.000   2.731587    19.5082    18.3852    18.3852      0.000  1013.3635  0.000e+00
   1230.000   2.732749    19.5184    18.3829    18.3829      0.000  1013.3718  0.000e+00
   1260.000   2.773567    19.8410    18.3785    18.3785      0.000  1013.6181  0.000e+00
   1290.000   2.795765    20.0147    18.3805    18.3805      0.000  1013.7498  0.000e+00
   1320.000   2.804215    20.0807    18.3817    18.3817      0.000  1013.7996  0.000e+00
   1350.000   2.810392    20.1289    18.3825    18.3825      0.000  1013.8361  0.000e+00
   1380.000   2.808673    20.1150    18.3831    18.3831      0.000  1013.8254  0.000e+00
   1410.000   2.811792    20.1398    18.3827    18.3827      0.000  1013.8444  0.000e+00
   1440.000   2.809248    20.1192    18.3840    18.3840      0.000  1013.8284  0.000e+00
   1470.000   2.812391    20.1436    18.3845    18.3845      0.000  1013.8469  0.000e+00
   1500.000   2.808999    20.1169    18.3845    18.3845      0.000  1013.8266  0.000e+00
   1530.000   2.812628    20.1451    18.3853    18.3853      0.000  1013.8478  0.000e+00
   1560.000   2.810961    20.1320    18.3853    18.3853      0.000  1013.8378  0.000e+00
   1590.000   2.818693    20.1928    18.3854    18.3854      0.000  1013.8841  0.000e+00
   1620.000   2.819720    20.2007    18.3860    18.3860      0.000  1013.8899  0.000e+00
   1650.000   2.814117    20.1563    18.3865    18.3865      0.000  1013.8560  0.000e+00
   1680.000   2.814633    20.1603    18.3865    18.3865      0.000  1013.8591  0.000e+00
   1710.000   2.821175    20.2115    18.3872    18.3872      0.000  1013.8979  0.000e+00
   1740.000   2.821519    20.2141    18.3875    18.3875      0.000  1013.8998  0.000e+00
   1770.000   2.818360    20.1891    18.3876    18.3876      0.000  1013.8808  0.000e+00
   1800.000   2.822167    20.2190    18.3879    18.3879      0.000  1013.9034  0.000e+00
   1830.000   2.817363    20.1807    18.3888    18.3888      0.000  1013.8741  0.000e+00
   1860.000   2.813310    20.1485    18.3894    18.3894      0.000  1013.8495  0.000e+00
   1890.000   2.824572    20.2372    18.3894    18.3894      0.000  1013.9170  0.000e+00
   1920.000   2.821193    20.2104    18.3898    18.3898      0.000  1013.8964  0.000e+00
   1950.000   2.822654    20.2216    18.3905    18.3905      0.000  1013.9048  0.000e+00
   1980.000   2.823063    20.2246    18.3908    18.3908      0.000  1013.9070  0.000e+00
   2010.000   2.823764    20.2305    18.3900    18.3900      0.000  1013.9117  0.000e+00
   2040.000   2.827116    20.2564    18.3911    18.3911      0.000  1013.9312  0.000e+00
   2070.000   2.822196    20.2173    18.3917    18.3917      0.000  1013.9013  0.000e+00
   2100.000   2.823574    20.2280    18.3921    18.3921      0.000  1013.9093  0.000e+00
   2130.000   2.824655    20.2365    18.3921    18.3921      0.000  1013.9158  0.000e+00
   2160.000   2.827662    20.2599    18.3928    18.3928      0.000  1013.9334  0.000e+00
   2190.000   2.831152    20.2873    18.3930    18.3930      0.000  1013.9542  0.000e+00
   2220.000   2.826248    20.2484    18.3936    18.3936      0.000  1013.9245  0.000e+00
   2250.000   2.831830    20.2923    18.3936    18.3936      0.000  1013.9579  0.000e+00
   2280.000   2.825767    20.2443    18.3942    18.3942      0.000  1013.9212  0.000e+00
   2310.000   2.829113    20.2705    18.3944    18.3944      0.000  1013.9411  0.000e+00
   2340.000   2.830783    20.2837    18.3944    18.3944      0.000  1013.9512  0.000e+00
   2370.000   2.832579    20.2975    18.3950    18.3950      0.000  1013.9615  0.000e+00
   2400.000   2.826295    20.2480    18.3950    18.3950      0.000  1013.9239  0.000e+00
   2430.000   2.830956    20.2847    18.3950    18.3950      0.000  1013.9518  0.000e+00
   2460.000   2.832918    20.3000    18.3954    18.3954      0.000  1013.9633  0.000e+00
   2490.000   2.827330    20.2559    18.3957    18.3957      0.000  1013.9297  0.000e+00
   2520.000   2.833715    20.3064    18.3952    18.3952      0.000  1013.9682  0.000e+00
   2550.000   2.830688    20.2825    18.3953    18.3953      0.000  1013.9500  0.000e+00
   2580.000   2.835732    20.3222    18.3953    18.3953      0.000  1013.9803  0.000e+00
   2610.000   2.836863    20.3310    18.3956    18.3956      0.000  1013.9869  0.000e+00
   2640.000   2.833680    20.3058    18.3958    18.3958      0.000  1013.9677  0.000e+00
   2670.000   2.826937    20.2530    18.3951    18.3951      0.000  1013.9277  0.000e+00
   2700.000   2.836291    20.3263    18.3960    18.3960      0.000  1013.9832  0.000e+00
   2730.000   2.833269    20.3027    18.3956    18.3956      0.000  1013.9653  0.000e+00
   2760.000   2.834745    20.3144    18.3954    18.3954      0.000  1013.9743  0.000e+00
   2790.000   2.832591    20.2970    18.3962    18.3962      0.000  1013.9609  0.000e+00
   2820.000   2.838803    20.3458    18.3967    18.3967      0.000  1013.9978  0.000e+00
   2850.000   2.836464    20.3277    18.3960    18.3960      0.000  1013.9843  0.000e+00
   2880.000   2.834614    20.3132    18.3958    18.3958      0.000  1013.9733  0.000e+00
   2910.000   2.834108    20.3094    18.3955    18.3955      0.000  1013.9704  0.000e+00
   2940.000   2.827918    20.2608    18.3950    18.3950      0.000  1013.9336  0.000e+00
   2970.000   2.838166    20.3419    18.3943    18.3943      0.000  1013.9955  0.000e+00
   3000.000   2.839249    20.3506    18.3940    18.3940      0.000  1014.0021  0.000e+00
   3030.000   2.835780    20.3233    18.3939    18.3939      0.000  1013.9814  0.000e+00
   3060.000   2.833257    20.3048    18.3911    18.3911      0.000  1013.9680  0.000e+00
   3090.000   2.838285    20.3441    18.3917    18.3917      0.000  1013.9977  0.000e+00
   3120.000   2.900815    20.8412    18.3849    18.3849      0.000  1014.3773  0.000e+00
   3150.000   0.127224     0.7621    16.8513    16.8513      0.000   999.3896  0.000e+00
   3180.000   0.059937     0.3669    14.7350    14.7350      0.000   999.4258  0.000e+00
   3210.000   0.046836     0.2884    14.1694    14.1694      0.000   999.4470  0.000e+00
   3240.000   2.892785    20.7780    18.3843    18.3843      0.000  1014.3294  0.000e+00
   3270.000   2.904615    20.8709    18.3856    18.3856      0.000  1014.3997  0.000e+00
   3300.000   2.902652    20.8553    18.3856    18.3856      0.000  1014.3879  0.000e+00
   3330.000   2.907028    20.8906    18.3843    18.3843      0.000  1014.4150  0.000e+00
   3360.000   2.909791    20.9126    18.3840    18.3840      0.000  1014.4318  0.000e+00
   3390.000   2.910134    20.9158    18.3830    18.3830      0.000  1014.4345  0.000e+00
   3420.000   2.910608    20.9199    18.3824    18.3824      0.000  1014.4377  0.000e+00
   3450.000   2.910741    20.9214    18.3815    18.3815      0.000  1014.4391  0.000e+00
   3480.000   2.910825    20.9225    18.3806    18.3806      0.000  1014.4401  0.000e+00
   3510.000   2.911065    20.9253    18.3789    18.3789      0.000  1014.4426  0.000e+00
   3540.000   2.911191    20.9261    18.3792    18.3792      0.000  1014.4432  0.000e+00
   3570.000   2.911402    20.9286    18.3776    18.3776      0.000  1014.4454  0.000e+00
   3600.000   2.911540    20.9297    18.3775    18.3775      0.000  1014.4463  0.000e+00
   3630.000   2.911618    20.9306    18.3770    18.3770      0.000  1014.4471  0.000e+00
   3660.000   2.911720    20.9322    18.3753    18.3753      0.000  1014.4487  0.000e+00
   3690.000   2.911894    20.9337    18.3752    18.3752      0.000  1014.4499  0.000e+00
   3720.000   2.911955    20.9344    18.3747    18.3747      0.000  1014.4505  0.000e+00
   3750.000   2.911997    20.9351    18.3741    18.3741      0.000  1014.4512  0.000e+00
   3780.000   2.912069    20.9365    18.3724    18.3724      0.000  1014.4526  0.000e+00
   3810.000   2.912279    20.9381    18.3725    18.3725      0.000  1014.4538  0.000e+00
   3840.000   2.912285    20.9388    18.3712    18.3712      0.000  1014.4546  0.000e+00
   3870.000   2.912369    20.9402    18.3698    18.3698      0.000  1014.4560  0.000e+00
   3900.000   2.912459    20.9410    18.3696    18.3696      0.000  1014.4567  0.000e+00
   3930.000   2.912706    20.9437    18.3681    18.3681      0.000  1014.4591  0.000e+00
   3960.000   2.912856    20.9451    18.3677    18.3677      0.000  1014.4603  0.000e+00
   3990.000   2.912910    20.9459    18.3670    18.3670      0.000  1014.4610  0.000e+00
   4020.000   2.912982    20.9468    18.3664    18.3664      0.000  1014.4618  0.000e+00
   4050.000   2.913108    20.9482    18.3655    18.3655      0.000  1014.4631  0.000e+00
   4080.000   2.913223    20.9497    18.3643    18.3643      0.000  1014.4645  0.000e+00
   4110.000   2.913283    20.9501    18.3644    18.3644      0.000  1014.4648  0.000e+00
   4140.000   2.913367    20.9509    18.3643    18.3643      0.000  1014.4654  0.000e+00
   4170.000   2.913481    20.9522    18.3635    18.3635      0.000  1014.4665  0.000e+00
   4200.000   2.913625    20.9533    18.3636    18.3636      0.000  1014.4674  0.000e+00
   4230.000   2.913716    20.9541    18.3633    18.3633      0.000  1014.4681  0.000e+00
   4260.000   2.913794    20.9551    18.3627    18.3627      0.000  1014.4689  0.000e+00
   4290.000   2.913884    20.9558    18.3627    18.3627      0.000  1014.4695  0.000e+00
   4320.000   2.913938    20.9565    18.3622    18.3622      0.000  1014.4701  0.000e+00
   4350.000   2.914100    20.9575    18.3626    18.3626      0.000  1014.4708  0.000e+00
   4380.000   2.914178    20.9585    18.3619    18.3619      0.000  1014.4718  0.000e+00
   4410.000   2.914226    20.9591    18.3615    18.3615      0.000  1014.4723  0.000e+00
   4440.000   2.914461    20.9612    18.3611    18.3611      0.000  1014.4740  0.000e+00
   4470.000   2.914527    20.9617    18.3610    18.3610      0.000  1014.4744  0.000e+00
   4500.000   2.914617    20.9627    18.3604    18.3604      0.000  1014.4753  0.000e+00
   4530.000   2.914725    20.9633    18.3610    18.3610      0.000  1014.4756  0.000e+00
   4560.000   2.914779    20.9639    18.3606    18.3606      0.000  1014.4762  0.000e+00
   4590.000   2.914834    20.9641    18.3611    18.3611      0.000  1014.4762  0.000e+00
   4620.000   2.914930    20.9651    18.3606    18.3606      0.000  1014.4771  0.000e+00
   4650.000   2.915032    20.9657    18.3610    18.3610      0.000  1014.4775  0.000e+00
   4680.000   2.915146    20.9667    18.3608    18.3608      0.000  1014.4783  0.000e+00
   4710.000   2.915248    20.9675    18.3610    18.3610      0.000  1014.4788  0.000e+00
   4740.000   2.915315    20.9679    18.3612    18.3612      0.000  1014.4790  0.000e+00
   4770.000   2.915357    20.9683    18.3610    18.3610      0.000  1014.4794  0.000e+00
   4800.000   2.915411    20.9686    18.3612    18.3612      0.000  1014.4796  0.000e+00
   4830.000   2.915453    20.9687    18.3616    18.3616      0.000  1014.4796  0.000e+00
   4860.000   2.915525    20.9694    18.3614    18.3614      0.000  1014.4801  0.000e+00
   4890.000   2.915597    20.9701    18.3612    18.3612      0.000  1014.4807  0.000e+00
   4920.000   2.915663    20.9705    18.3614    18.3614      0.000  1014.4810  0.000e+00
   4950.000   2.915753    20.9710    18.3619    18.3619      0.000  1014.4812  0.000e+00
   4980.000   2.915856    20.9719    18.3617    18.3617      0.000  1014.4820  0.000e+00
   5010.000   2.916000    20.9731    18.3616    18.3616      0.000  1014.4829  0.000e+00
   5040.000   2.916162    20.9743    18.3617    18.3617      0.000  1014.4838  0.000e+00
   5070.000   2.916313    20.9752    18.3622    18.3622      0.000  1014.4844  0.000e+00
   5100.000   2.916367    20.9759    18.3618    18.3618      0.000  1014.4850  0.000e+00
   5130.000   2.916439    20.9764    18.3619    18.3619      0.000  1014.4854  0.000e+00
   5160.000   2.916487    20.9764    18.3627    18.3627      0.000  1014.4852  0.000e+00
   5190.000   2.916571    20.9772    18.3623    18.3623      0.000  1014.4859  0.000e+00
   5220.000   2.916745    20.9783    18.3629    18.3629      0.000  1014.4866  0.000e+00
   5250.000   2.916824    20.9790    18.3627    18.3627      0.000  1014.4872  0.000e+00
   5280.000   2.916860    20.9795    18.3624    18.3624      0.000  1014.4876  0.000e+00
   5310.000   2.916998    20.9804    18.3628    18.3628      0.000  1014.4882  0.000e+00
   5340.000   2.917016    20.9804    18.3631    18.3631      0.000  1014.4881  0.000e+00
